1.142912945066246
0.9585144756340407
1.0458250331675945
1.02469507659596
0.9905806378079475
0.9354143466934853
1.0093314619093174
1.0665364503850772
1.057709790065309
0.9519716382329886
0.9585144756340407
0.8909264840602731
0.9937303457175896
1.0338036564067667
1.0277402395547233
2.0263884129159444
1.0216408370851275
1.036822067666386
0.9650129532809392
1.1236102527122116
1.086853255964208
1.015504800579495
0.9682458365518543
1.0062305898749053
1.0307764064044151
1.0723805294763609
1.0781929326423914
1.0124228365658292
0.9874208829065749
1.039831717154271
1.036822067666386
0.9287087810503355
0.95524865872714
1.0781929326423914
1.0954451150103321
0.9810708435174292
0.9778803607803973
1.0458250331675945
1.403121520040228
5.267826876426369
19.41004894378167
15.821662365251004
22.15837877643579
11.28826824628118
7.573390918208303
5.030531781034685
1.272301064999947
1.0752906583803283
0.9585144756340407
1.0428326807307104
1.334634781503914
2.1880356487041066
1.9700888304845545
1.3874436925511608
18.622902566463694
24.71512694687203
19.7753002505651
12.009371340748856
8.931685171343648
5.25594901040716
1.5929532322073992
1.2449899597988732
1.0307764064044151
0.9219544457292888
1.0897247358851685
1.0752906583803283
0.9714679613862723
1.0458250331675945
1.039831717154271
0.8215838362577492
1.036822067666386
1.036822067666386
1.039831717154271
1.0124228365658292
0.9778803607803973
1.015504800579495
0.9453835200594519
1.0277402395547233
1.0488088481701516
1.0338036564067667
0.9486832980505138
0.8660254037844386
1.0897247358851685
1.0277402395547233
1.0781929326423914
1.0093314619093174
0.9810708435174292
1.086853255964208
0.9519716382329886
1.003120132386944
0.9778803607803973
0.9585144756340407
0.9842509842514764
1.0093314619093174
8.99166280506559
12.599603168354152
3.598610843089316
7.33953336391354
1.036822067666386
0.9874208829065749
1.1645814698852115
8.702011261771613
10.04614353869185
5.814851674806504
18.256505689753446
19.14827015685751
9.611191393370543
1.6105123408406408
1.2474974949874649
2.4277046772620428
15.336842895459286
33.699962907991456
37.7783006499763
29.271573240944875
18.547236990991408
4.996874022826671
1.0307764064044151
1.0458250331675945
1.0547511554864493
1.015504800579495
2.321098877687032
13.42409214807467
19.73512097758714
7.960056532462568
3.3893214660164652
1.6601957715883993
1.571225636247067
12.65133392176493
12.346811329246107
5.162969107015845
0.9486832980505138
0.9778803607803973
1.885802216564611
1.680773631397161
14.888964033807053
13.213156322393223
12.433070819391322
18.451625944615287
17.51963184544698
11.094480609744648
1.931644377208186
0.9810708435174292
0.9874208829065749
1.086853255964208
4.671723450719231
2.5261136158138253
12.382699624879868
15.948550090838978
14.489651479590528
4.707706447942565
11.8782890182046
7.410296890138748
3.03315017762062
2.818465894773254
5.630275304103699
11.656543226874767
12.777666062313571
6.882949948968102
4.950378773386942
2.9717419134238425
13.390528368962892
16.33477884759999
11.299612825225474
9.45581831466743
4.955426318693478
1.4295978455495797
1.0216408370851275
0.9387491677759293
1.0810874155219827
1.0093314619093174
0.9617692030835673
0.8944271909999159
0.9714679613862723
1.02469507659596
1.0093314619093174
0.95524865872714
0.9905806378079475
0.9519716382329886
0.9905806378079475
0.9874208829065749
0.9714679613862723
1.02469507659596
1.015504800579495
1.0307764064044151
0.9185586535436918
0.9082951062292475
0.9185586535436918
1.0547511554864493
1.0488088481701516
1.086853255964208
1.0062305898749053
1.0
1.4339630399699987
1.8439088914585775
14.784704934492268
31.772334663980864
27.787474696344752
22.352292947257112
19.997031029630374
14.486631768634144
1.691892431568863
1.286953767623375
1.0723805294763609
1.101135777277262
0.9387491677759293
1.0307764064044151
0.9219544457292888
1.0636023693091323
0.9185586535436918
1.0216408370851275
1.0428326807307104
0.9048480535426928
0.9810708435174292
2.9261749776799064
4.098017813528878
26.006970219539223
35.35472033547995
28.74130303239573
28.5456870647739
18.515871570088187
4.808846015417836
3.437840892188002
3.28062494046485
2.969638025079824
3.9496835316262997
25.525110185854242
17.850595228170963
7.832624081366347
7.362064927722384
22.196001892232754
20.12321420648302
8.291185078141725
1.0124228365658292
0.9937303457175896
1.0338036564067667
1.0458250331675945
1.0547511554864493
1.19634861140054
7.875198410198945
16.85081600398034
18.22566871201164
20.441379601191304
23.214758236949184
24.27318479310039
22.798574516842056
20.226375107764614
17.552599522577847
14.526914675869753
9.518731533140327
5.000624960942382
1.4361406616345072
1.3062350477613132
1.3369741957120937
1.3647344063956182
2.020210385083692
7.386220278329099
18.77165416259313
14.228492541376264
16.833745869532425
13.626490744135117
13.042239071570494
13.32502345213696
11.483139814528082
10.215490688165694
9.53283798246881
5.430814855986162
9.473317792621549
7.6888718288185816
11.119521122782222
6.994194020757503
5.585696017507576
0.9714679613862723
0.95524865872714
1.0665364503850772
2.1213203435596424
1.680773631397161
12.853015210447703
11.73056903990595
14.619550266680573
4.5242402677134645
1.003120132386944
1.9006577808748213
0.9519716382329886
0.9617692030835673
0.9617692030835673
0.9682458365518543
0.9746794344808963
1.0606601717798212
0.9937303457175896
1.0062305898749053
0.9842509842514764
0.9486832980505138
1.0338036564067667
0.9937303457175896
0.5533985905294664
