0.008170508071621832 
0.008005430285905937 
0.00773891123287459 
0.007307924583542854 
0.007885402046166543 
0.008332316018633415 
0.008263357734885226 
0.007437278423695223 
0.007488394340890943 
0.0069603631567208835 
0.007763518325918668 
0.008076591065677865 
0.008029220621521276 
0.015831159475905816 
0.007981569039727559 
0.00810017240364364 
0.007539163697507337 
0.008778205099314153 
0.008491041062220374 
0.007933631254527305 
0.007564420598061361 
0.007861176483397698 
0.008052940675034493 
0.00837797288653407 
0.008423382286268682 
0.00790955341067054 
0.007714225647707617 
0.008123685290267742 
0.00810017240364364 
0.007255537351955746 
0.007462880146305782 
0.008423382286268682 
0.00855816496101822 
0.007664615964979916 
0.007639690318596854 
0.008170508071621832 
0.010961886875314282 
0.04115489747208101 
0.1516410073732943 
0.12360673722852347 
0.1731123341909046 
0.08818959567407172 
0.05916711654850237 
0.039301029539333475 
0.009939852070312087 
0.008400708268596315 
0.007488394340890943 
0.008147130318208675 
0.010426834230499327 
0.017094028505500833 
0.015391318988160582 
0.010839403848055944 
0.1454914263004976 
0.19308692927243773 
0.15449453320753984 
0.09382321359960044 
0.06977879040112225 
0.041062101643805936 
0.012444947126620306 
0.009726484060928697 
0.008052940675034493 
0.007202769107260068 
0.008513474499102879 
0.008400708268596315 
0.007589593448330253 
0.008170508071621832 
0.008123685290267742 
0.006418623720763666 
0.00810017240364364 
0.00810017240364364 
0.008123685290267742 
0.00790955341067054 
0.007639690318596854 
0.007933631254527305 
0.007385808750464468 
0.008029220621521276 
0.00819381912632931 
0.008076591065677865 
0.007411588266019639 
0.0067658234670659265 
0.008513474499102879 
0.008029220621521276 
0.008423382286268682 
0.007885402046166543 
0.007664615964979916 
0.008491041062220374 
0.007437278423695223 
0.007836876034273 
0.007639690318596854 
0.007488394340890943 
0.007689460814464659 
0.007885402046166543 
0.07024736566457492 
0.09843439975276681 
0.02811414721163528 
0.05734010440557453 
0.00810017240364364 
0.007714225647707617 
0.009098292733478215 
0.06798446298259073 
0.07848549639603007 
0.04542852870942581 
0.1426289507011988 
0.1495958606004493 
0.07508743276070737 
0.012582127662817506 
0.00974607417958957 
0.01896644279110971 
0.11981908512077567 
0.26328096021868325 
0.29514297382793986 
0.22868416594488183 
0.14490028899212037 
0.03903807830333337 
0.008052940675034493 
0.008170508071621832 
0.008240243402237885 
0.007933631254527305 
0.018133584981929938 
0.10487571990683336 
0.15418063263739953 
0.06218794165986381 
0.026479073953253635 
0.01297027946553437 
0.01227520028318021 
0.09883854626378852 
0.09645946350973521 
0.04033569614856129 
0.007411588266019639 
0.007639690318596854 
0.014732829816911023 
0.013131043995290321 
0.1163200315141176 
0.10322778376869705 
0.0971333657764947 
0.14415332769230693 
0.13687212379255453 
0.08667562976363007 
0.015090971696938953 
0.007664615964979916 
0.007714225647707617 
0.008491041062220374 
0.03649783945874399 
0.01973526262354551 
0.09673984081937397 
0.12459804758467952 
0.113200402184301 
0.03677895662455129 
0.09279913295472343 
0.05789294445420897 
0.023696485762661094 
0.022019264802916046 
0.04398652581331015 
0.09106674395995912 
0.09982551611182477 
0.0537730464763133 
0.03867483416708548 
0.02321673369862377 
0.1046135028825226 
0.1276154597468749 
0.08827822519707401 
0.0738735805833393 
0.038714268114792796 
0.011168733168356091 
0.007981569039727559 
0.007333977873249448 
0.00844599543376549 
0.007885402046166543 
0.007513821899090369 
0.006987712429686843 
0.007589593448330253 
0.008005430285905937 
0.007885402046166543 
0.007462880146305782 
0.00773891123287459 
0.007437278423695223 
0.00773891123287459 
0.007714225647707617 
0.007589593448330253 
0.008005430285905937 
0.007933631254527305 
0.008052940675034493 
0.007176239480810092 
0.007096055517415996 
0.007176239480810092 
0.008240243402237885 
0.00819381912632931 
0.008491041062220374 
0.007861176483397698 
0.0078125 
0.011202836249765615 
0.014405538214520137 
0.11550550730072084 
0.2482213645623505 
0.21708964606519338 
0.1746272886504462 
0.1562268049189873 
0.11317681069245425 
0.013217909621631743 
0.010054326309557618 
0.00837797288653407 
0.00860262325997861 
0.007333977873249448 
0.008052940675034493 
0.007202769107260068 
0.008309393510227596 
0.007176239480810092 
0.007981569039727559 
0.008147130318208675 
0.007069125418302288 
0.007664615964979916 
0.02286074201312427 
0.032015764168194356 
0.20317945484015018 
0.27620875262093714 
0.22454142994059165 
0.2230131801935461 
0.14465524664131396 
0.03756910949545184 
0.026858131970218767 
0.02562988234738164 
0.023200297070936127 
0.030856902590830466 
0.19941492332698627 
0.13945777522008565 
0.06119237563567458 
0.05751613224783113 
0.1734062647830684 
0.1572126109881486 
0.06477488342298222 
0.00790955341067054 
0.007763518325918668 
0.008076591065677865 
0.008170508071621832 
0.008240243402237885 
0.009346473526566718 
0.06152498757967926 
0.13164700003109642 
0.14238803681259093 
0.15969827813430706 
0.1813652987261655 
0.1896342561960968 
0.17811386341282856 
0.15801855552941105 
0.13712968377013943 
0.11349152090523244 
0.0743650901026588 
0.03906738250736236 
0.011219848919019587 
0.010204961310635259 
0.010445110904000732 
0.010661987549965767 
0.015782893633466345 
0.05770484592444609 
0.14665354814525883 
0.11116009797950206 
0.13151363960572207 
0.1064569589385556 
0.10189249274664448 
0.10410174571982 
0.08971202980100064 
0.07980852100129449 
0.07447529673803757 
0.04242824106239189 
0.07401029525485585 
0.06006931116264517 
0.08687125877173611 
0.05464214078716799 
0.04363825013677794 
0.007589593448330253 
0.007462880146305782 
0.008332316018633415 
0.016572815184059706 
0.013131043995290321 
0.10041418133162268 
0.09164507062426523 
0.11421523645844198 
0.03534562709151144 
0.007836876034273 
0.014848888913084541 
0.007437278423695223 
0.007513821899090369 
0.007513821899090369 
0.007564420598061361 
0.007614683081882003 
0.008286407592029853 
0.007763518325918668 
0.007861176483397698 
0.007689460814464659 
0.007411588266019639 
0.008076591065677865 
